[gd_scene load_steps=8 format=3 uid="uid://cwwjqpbhoy278"]

[ext_resource type="Script" path="res://main.gd" id="1_272bh"]
[ext_resource type="PackedScene" uid="uid://d2xpqhe1522tx" path="res://beginner_level.tscn" id="1_ig7tw"]
[ext_resource type="PackedScene" uid="uid://bkddv5iicpqk" path="res://player_character.tscn" id="2_0xm2m"]
[ext_resource type="PackedScene" uid="uid://dsgo10p2vikos" path="res://HUD.tscn" id="5_lquwl"]
[ext_resource type="PackedScene" uid="uid://dtphc4esvkrwt" path="res://reaction_game.tscn" id="7_5vw27"]
[ext_resource type="Script" uid="uid://vodf70emwk4" path="res://reaction_game.gd" id="8_kek77"]

[sub_resource type="Environment" id="Environment_272bh"]
background_mode = 2
ssr_enabled = true
ssao_enabled = true
ssil_enabled = true
sdfgi_enabled = true

[node name="Main" type="Node3D"]
script = ExtResource("1_272bh")

[node name="BeginnerLevel" parent="." instance=ExtResource("1_ig7tw")]
transform = Transform3D(1, 0, 0, 0, 1, 0, 0, 0, 1, 0.0293499, 0, -0.00357306)

[node name="PlayerCharacter" parent="." instance=ExtResource("2_0xm2m")]
transform = Transform3D(1, 0, 0, 0, 1, 0, 0, 0, 1, -2.5458, 1.01575, -0.780415)

[node name="DirectionalLight3D" type="DirectionalLight3D" parent="."]
transform = Transform3D(-0.683054, -0.412466, -0.602751, -0.642972, 0.731049, 0.228374, 0.346444, 0.543544, -0.76455, 2.99075, 8.14934, -4.34881)
visible = false
sky_mode = 2

[node name="Control" parent="." instance=ExtResource("5_lquwl")]

[node name="Camera3D" type="Camera3D" parent="."]
transform = Transform3D(1, -3.78552e-08, -2.18557e-08, 3.78552e-08, 0.5, 0.866025, -2.18557e-08, -0.866025, 0.5, 0.16486, 7.73939, 6.23342)
environment = SubResource("Environment_272bh")

[node name="SpotLight3D" type="SpotLight3D" parent="."]
transform = Transform3D(1, 0, 0, 0, 0.5, 0.866025, 0, -0.866025, 0.5, 0, 19.7823, 9.30645)
light_color = Color(0.94, 0.87796, 0.8366, 1)
light_energy = 30.0
shadow_enabled = true
spot_range = 32.1207
spot_angle = 69.4891

[node name="SpotLight3D2" type="SpotLight3D" parent="."]
transform = Transform3D(1, 0, 0, 0, -0.5, 0.866025, 0, -0.866025, -0.5, 0.00495052, 19.7823, -15.4696)
light_color = Color(0.94, 0.87796, 0.8366, 1)
light_energy = 30.0
shadow_enabled = true
spot_range = 32.1207
spot_angle = 69.4891

[node name="ReactionGame" parent="." instance=ExtResource("7_5vw27")]
transform = Transform3D(1, 0, 0, 0, 1, 0, 0, 0, 1, -2.15015, 0.493002, -2.94216)
script = ExtResource("8_kek77")
